
with safety plug in place

176487  51E  8  0 0 0 0 C 0 0 0 
176488  588  8  65 9 0 0 0 79 0 0 
176489  5AD  8  BB BC 0 0 15 15 0 21 
176490  5AE  8  15 0 79 15 C 0 0 0 
176501  5AF  8  0 0 0 0 0 0 0 0 
176502  5F1  8  A8 16 65 9 0 0 0 0 
176587  670  8  9E 7 34 8 A0 79 1 0 
176588  51E  8  0 0 0 0 C 0 0 0 
176589  588  8  65 9 0 0 0 79 0 0 
176590  5AD  8  BB BC 0 0 15 15 0 21 
176591  5AE  8  15 0 79 15 C 0 0 0 
176602  5AF  8  0 0 0 0 0 0 0 0 
176603  5F1  8  A8 16 65 9 0 0 0 0 
176687  670  8  9E 7 34 8 A0 79 1 0 
176688  51E  8  0 0 0 0 C 0 0 0 
176689  588  8  65 9 0 0 0 79 0 0 
176690  5AD  8  BB BC 0 0 15 15 0 55 
176691  5AE  8  ED 0 79 15 C 0 0 0 
176702  5AF  8  0 0 0 0 0 0 0 0 
176703  5F1  8  A8 16 65 9 0 0 0 0 
176787  670  8  9E 7 34 8 A0 79 1 0 
176788  51E  8  0 0 0 0 C 0 0 0 
176789  588  8  65 9 0 0 0 79 0 0 
176790  5AD  8  BB BC 0 0 15 15 0 55 
176791  5AE  8  ED 0 79 15 C 0 0 0 
176802  5AF  8  0 0 0 0 0 0 0 0 
176803  5F1  8  A8 16 65 9 0 0 0 0 

and now with safety / plug disconnected

222485  5AE  8  0 2 79 15 C 0 0 0 
222496  5AF  8  0 0 0 0 0 0 0 0 
222497  5F1  8  A8 16 65 9 0 0 0 0 
222581  670  8  0 0 0 0 B0 79 21 0 
222582  51E  8  0 0 0 0 C 0 0 0 
222583  588  8  65 9 0 0 0 79 0 0 
222584  5AD  8  BB BC 0 0 15 15 0 22 
222585  5AE  8  0 2 79 15 C 0 0 0 
222596  5AF  8  0 0 0 0 0 0 0 0 
222597  5F1  8  A8 16 65 9 0 0 0 0 
222682  670  8  0 0 0 0 B0 79 21 0 
222683  51E  8  0 0 0 0 C 0 0 0 
222683  588  8  65 9 0 0 0 79 0 0 
222684  5AD  8  BB BC 0 0 15 15 0 22 
222685  5AE  8  0 2 79 15 C 0 0 0 
222696  5AF  8  0 0 0 0 0 0 0 0 
222697  5F1  8  A8 16 65 9 0 0 0 0 
222781  670  8  0 0 0 0 B0 79 21 0 
222782  51E  8  0 0 0 0 C 0 0 0 
222783  588  8  65 9 0 0 0 79 0 0 
222784  5AD  8  BB BC 0 0 15 15 0 B 
222785  5AE  8  0 2 79 15 C 0 0 0 
222796  5AF  8  0 0 0 0 0 0 0 0 
222797  5F1  8  A8 16 65 9 0 0 0 0 
222881  670  8  0 0 0 0 B0 79 21 0 
222882  51E  8  0 0 0 0 C 0 0 0 
222883  588  8  65 9 0 0 0 79 0 0 
222884  5AD  8  BB BC 0 0 15 15 0 B 
222885  5AE  8  0 2 79 15 C 0 0 0 
222896  5AF  8  0 0 0 0 0 0 0 0 
222897  5F1  8  A8 16 65 9 0 0 0 0 
222981  670  8  0 0 0 0 B0 79 21 0 
222982  51E  8  0 0 0 0 C 0 0 0 
222983  588  8  65 9 0 0 0 79 0 0 
222984  5AD  8  BB BC 0 0 15 15 0 15 
222985  5AE  8  0 2 79 15 6 0 0 0 
222996  5AF  8  0 0 0 0 0 0 0 0 
222997  5F1  8  A8 16 65 9 0 0 0 0 