7e0[7e8]:00ff 00 00 01 81 03 05 00 95
7e0[7e8]:0100 00
7e0[7e8]:0102 00
7e0[7e8]:0103 00
7e0[7e8]:0104 00 00
7e0[7e8]:0105 00
7e0[7e8]:0106 00
7e0[7e8]:0108 00
7e0[7e8]:02cd 00
7e0[7e8]:02ed 02 01 03 00 00 00 00 00 00 00
7e0[7e8]:02ee 04 f8 00 00 00 00 00 00 00 00
7e0[7e8]:02ef 00 00 00 00 00 00
7e0[7e8]:02ff 53 00 00 00 00 00 00 00 6c e9 e9 00 00 00 00 08 02 00 20
7e0[7e8]:0407 00 01 00 01 00 01 00 01
7e0[7e8]:0408 00 01 00 01 00 01 00 01
7e0[7e8]:040f 00 64 00 64 00 64 00 64
7e0[7e8]:04fb 00
7e0[7e8]:0600 00 0d 00 16 00 64 04 00 30 08
7e0[7e8]:0601 0a
7e0[7e8]:0937 01
7e0[7e8]:0a51 01
7e0[7e8]:1002 00 00
7e0[7e8]:1004 00 00
7e0[7e8]:1017 00 00
7e0[7e8]:1018 00 00
7e0[7e8]:1019 00
7e0[7e8]:101a 00 00
7e0[7e8]:1026 00 00
7e0[7e8]:1027 00
7e0[7e8]:1028 50 92
7e0[7e8]:1029 50 91
7e0[7e8]:102a 0e 5b
7e0[7e8]:102b 07 20
7e0[7e8]:105a 02 91
7e0[7e8]:105c ff fd
7e0[7e8]:105d ff ff
7e0[7e8]:105e 00 00 00 00
7e0[7e8]:105f 00
7e0[7e8]:1060 00
7e0[7e8]:1061 00
7e0[7e8]:1062 00
7e0[7e8]:1077 00 30
7e0[7e8]:107d 00 00
7e0[7e8]:1097 00 00
7e0[7e8]:1098 03
7e0[7e8]:10a1 01
7e0[7e8]:10a3 08
7e0[7e8]:10a4 00 01
7e0[7e8]:10ab 00
7e0[7e8]:10b2 00 00
7e0[7e8]:10b3 00 00
7e0[7e8]:10b5 00 00
7e0[7e8]:10b6 00 00
7e0[7e8]:10b9 00 00
7e0[7e8]:10ba 00 00
7e0[7e8]:10be 00 00
7e0[7e8]:10e0 00 00 0f 11
7e0[7e8]:1109 00
7e0[7e8]:110a 00 00
7e0[7e8]:110e 28
7e0[7e8]:1115 00
7e0[7e8]:1116 0b 5f
7e0[7e8]:1123 0b 1b
7e0[7e8]:112f 00 00
7e0[7e8]:1130 03 f7
7e0[7e8]:1131 03 f7
7e0[7e8]:1132 00 00
7e0[7e8]:1133 00
7e0[7e8]:1134 0b 1b
7e0[7e8]:1164 16 85
7e0[7e8]:1167 ff e8
7e0[7e8]:1168 01
7e0[7e8]:1169 0b 0a
7e0[7e8]:116a 0b 73
7e0[7e8]:116b 29 50
7e0[7e8]:116e 01
7e0[7e8]:116f 0b 5f
7e0[7e8]:11df 03 86
7e0[7e8]:11e7 00 00
7e0[7e8]:11eb 00 00
7e0[7e8]:122c 00 00
7e0[7e8]:122d 00 00
7e0[7e8]:122f 00 00
7e0[7e8]:1242 ff f8 5e e0
7e0[7e8]:126b 00
7e0[7e8]:126c 00
7e0[7e8]:12ae 01
7e0[7e8]:12af 00
7e0[7e8]:12b0 00 00
7e0[7e8]:12b1 00 00
7e0[7e8]:138a 0d bf
7e0[7e8]:1473 00 00
7e0[7e8]:1474 01
7e0[7e8]:1475 01
7e0[7e8]:1477 00
7e0[7e8]:147d 00 00
7e0[7e8]:147f ff fd
7e0[7e8]:1480 00 00 00
7e0[7e8]:1481 00 00 00
7e0[7e8]:1484 29 50
7e0[7e8]:1488 00 00
7e0[7e8]:148c 00 00
7e0[7e8]:148d 00 00
7e0[7e8]:1490 00 00
7e0[7e8]:149a 00 00
7e0[7e8]:14a1 00 00 00 00
7e0[7e8]:14cb 00
7e0[7e8]:14d9 28
7e0[7e8]:14db 01
7e0[7e8]:14dc 07
7e0[7e8]:14e6 01
7e0[7e8]:14e7 0e
7e0[7e8]:1504 11 00
7e0[7e8]:1505 2f 40
7e0[7e8]:150a 2e 20
7e0[7e8]:150b 1f 40
7e0[7e8]:1514 04
7e0[7e8]:1558 01
7e0[7e8]:1587 29 50
7e0[7e8]:1589 00 00
7e0[7e8]:158f 00 00
7e0[7e8]:1602 02
7e0[7e8]:1603 00 00
7e0[7e8]:1604 00 00
7e0[7e8]:1605 00
7e0[7e8]:1606 00 00
7e0[7e8]:160b 00
7e0[7e8]:160c 00
7e0[7e8]:160d 00
7e0[7e8]:160f ff fb 00 00
7e0[7e8]:1610 00 00 00 00
7e0[7e8]:1611 0d ab
7e0[7e8]:1612 0b 4b
7e0[7e8]:1613 0b 4d
7e0[7e8]:1614 0b 4c
7e0[7e8]:1615 0b 4a
7e0[7e8]:1618 16 a8
7e0[7e8]:161d 00 00
7e0[7e8]:161e 16 b1
7e0[7e8]:1620 02
7e0[7e8]:1622 03
7e0[7e8]:1625 02
7e0[7e8]:1627 ff
7e0[7e8]:1628 ff
7e0[7e8]:1629 00
7e0[7e8]:162a 00 04
7e0[7e8]:162b 20 01
7e0[7e8]:162c 00 00
7e0[7e8]:162d 02 80 00 00
7e0[7e8]:1641 02
7e0[7e8]:1646 00
7e0[7e8]:1647 00
7e0[7e8]:1648 00
7e0[7e8]:164b 00
7e0[7e8]:164e 00
7e0[7e8]:166f 08
7e0[7e8]:1670 00 00 00 00
7e0[7e8]:1671 00
7e0[7e8]:1672 01
7e0[7e8]:1673 03
7e0[7e8]:1688 08
7e0[7e8]:16d3 00
7e0[7e8]:16d4 00
7e0[7e8]:16e8 08
7e0[7e8]:1703 01
7e0[7e8]:1734 00
7e0[7e8]:1744 00 00
7e0[7e8]:176f 01
7e0[7e8]:1807 00
7e0[7e8]:2001 00
7e0[7e8]:2096 ff
7e0[7e8]:f15b 20 03 17 00 06 40 16 05 4d 00 20 03 17 00 06 40 16 05 4d 00 20 03 17 00 06 40 16 05 4d 00 20 03 17 00 06 40 16 05 4d 00
7e0[7e8]:f17c 42 58 4a 2d 35 33 31 32 30 2e 30 32 2e 32 30 39 34 33 38 31 35 39 31
7e0[7e8]:f17e 57 4d 48 32 34 2d 2d 2d
7e0[7e8]:f186 01
7e0[7e8]:f187 30 45 41 39 30 36 30 31 36 53 20
7e0[7e8]:f189 37 32 30 37
7e0[7e8]:f190 57 56 57 5a 5a 5a 41 55 5a 4c 57 39 31 36 30 33 35
7e0[7e8]:f191 30 45 41 39 30 37 33 30 39 41 20
7e0[7e8]:f197 45 2d 56 65 68 69 63 6c 65 20 20 20 20
7e0[7e8]:f19e 45 56 5f 56 43 55 30 30 58 58 58 30 31 31 30 45 41 39 30 36 30 31 36 53 00
7e0[7e8]:f1a2 30 30 35 30 30 32
7e0[7e8]:f1a3 48 32 34
7e0[7e8]:f1a5 00 06 40 16 05 4d
7e0[7e8]:f1aa 4a 36 32 33 20
7e0[7e8]:f1ab 30 30 30 31 30 30 30 32 30 30 30 32 30 30 30 32
7e0[7e8]:f1ad 45 42 53 41
7e0[7e8]:f1df 40
7e0[7e8]:f1f0 48 61 74 74 6f 72 69 00 42 6f 73 63 68 2e 47 53 5f 30 30 33 5f 30 30 30 31 2e 53 77 69 74 63 68 4f 76 65 72 2e 4d 45 44 43 31 37 2e 56 30 30 31 00 41 50 50 4c 00 0c 43 80 06 8a 16 00 9b 30 35 08 00 10 01 00
7e0[7e8]:f1f4 4d 45 44 31 37 20 43 42 2e 30 34 2e 30 37 2e 30 30 20 43 35 37 2e 30 36 20 20 20 20 20
7e0[7e8]:f400 98 18 00 11
7e0[7e8]:f401 00 04 00 00
7e0[7e8]:f404 ff
7e0[7e8]:f405 ff
7e0[7e8]:f40c ff fe
7e0[7e8]:f40d 00
7e0[7e8]:f41c 05
7e0[7e8]:f420 80 01 80 01
7e0[7e8]:f421 00 0d
7e0[7e8]:f430 9a
7e0[7e8]:f431 0f 06
7e0[7e8]:f440 e4 c0 80 00
7e0[7e8]:f441 00 04 00 00
7e0[7e8]:f442 33 5a
7e0[7e8]:f443 0f 4b
7e0[7e8]:f446 34
7e0[7e8]:f449 25
7e0[7e8]:f44a 25
7e0[7e8]:f451 08
7e0[7e8]:f800 54 40 00 00
7e0[7e8]:f802 01 57 56 57 5a 5a 5a 41 55 5a 4c 57 39 31 36 30 33 35
7e0[7e8]:f804 01 30 45 41 30 31 36 53 20 37 32 30 37 41 45 41 4a
7e0[7e8]:f806 01 15 b8 67 91
7e0[7e8]:f80a 01 50 43 4d 00 2d 50 6f 77 65 72 74 72 61 69 6e 43 74 72 6c 00